832
239 14
694 512
783 414
664 178
21 717
629 30
109 389
198 495
50 446
747 125
186 204
8 161
240 175
416 106
650 305
30 515
180 196
832 549
203 29
273 329
618 794
705 251
262 771
236 551
187 268
458 276
65 2
95 143
280 339
393 470
209 778
52 219
680 649
27 140
370 488
144 105
798 181
558 3
467 10
21 179
38 379
31 304
7 391
58 93
458 819
237 38
56 77
702 638
206 622
314 591
168 130
184 489
107 276
89 631
27 10
583 187
95 695
215 302
351 194
198 241
670 742
309 185
529 114
9 675
440 822
400 103
25 269
460 375
67 245
278 96
40 193
55 28
377 330
12 20
32 797
671 479
490 2
347 539
36 197
27 719
116 265
498 192
387 81
238 582
247 524
682 264
247 209
156 77
501 769
402 564
75 725
149 293
83 81
148 78
177 90
247 576
10 585
18 39
110 113
313 584
63 38
85 74
52 34
278 354
781 205
684 470
343 610
418 354
373 187
390 444
27 563
1 776
817 574
426 353
105 733
654 539
516 738
462 509
514 283
296 61
639 630
415 59
660 121
160 145
290 401
605 338
805 93
294 587
750 487
47 98
184 417
20 689
457 386
670 66
220 104
546 250
216 228
370 455
621 648
343 203
45 287
403 581
252 649
266 553
139 53
5 37
100 243
21 7
496 651
335 330
14 3
363 403
29 33
17 81
348 17
267 485
233 69
466 415
253 688
176 195
641 246
81 275
787 107
369 476
96 3
140 677
429 12
44 637
99 11
555 757
358 328
16 11
22 47
570 619
363 333
75 2
101 646
33 91
191 332
124 123
297 54
820 781
124 263
292 758
345 78
121 17
212 365
76 128
43 19
788 779
11 636
644 293
487 676
345 355
220 261
593 36
468 662
99 573
232 164
7 376
2 3
129 468
49 84
122 313
385 464
45 29
65 87
519 242
503 27
347 96
336 257
450 308
716 338
795 247
126 323
760 565
96 743
236 168
81 95
323 595
790 635
136 256
153 181
231 259
521 289
12 134
593 808
38 250
81 412
230 197
5 137
779 505
525 47
25 454
206 330
765 386
298 244
202 20
350 164
773 309
681 209
102 306
260 225
133 356
299 218
456 452
462 113
251 800
194 89
45 78
91 286
192 281
566 665
44 238
51 674
439 767
46 10
40 310
595 752
326 449
405 154
361 150
89 183
577 515
117 107
512 98
614 110
289 756
116 76
138 289
67 423
14 153
159 288
24 163
461 244
565 618
138 284
242 86
174 192
566 199
190 395
439 344
571 403
527 16
421 366
603 562
278 452
132 785
825 668
428 535
477 153
319 189
441 114
381 369
125 21
219 280
324 65
267 176
436 545
580 827
569 9
95 374
39 453
645 359
643 703
208 326
132 544
42 145
60 29
11 679
359 480
166 513
459 416
737 143
382 315
55 73
632 75
6 586
58 435
258 437
141 208
402 552
325 272
205 29
390 578
622 714
37 616
575 87
49 57
148 307
89 292
812 132
158 50
155 199
25 88
408 189
539 550
225 322
146 229
201 180
375 17
445 311
7 2
149 113
611 63
86 20
50 328
456 540
151 271
754 127
116 186
43 74
505 85
815 423
129 23
210 65
630 162
197 411
114 80
624 334
501 430
734 100
255 240
70 172
31 28
175 58
589 492
469 596
153 162
696 699
328 667
647 721
656 39
7 10
749 492
594 255
238 534
267 518
103 182
238 316
31 338
17 167
697 56
634 366
3 54
5 217
190 308
166 130
180 823
359 86
399 731
146 109
141 44
615 522
128 164
223 14
17 497
1 25
184 15
511 652
567 268
388 3
172 433
21 72
481 285
715 581
391 431
81 507
678 246
108 249
86 111
6 4
493 150
831 157
457 579
522 445
101 135
711 260
138 85
638 171
801 543
493 753
10 385
108 110
7 36
109 31
441 739
383 241
331 91
658 620
46 718
11 127
745 419
254 829
283 65
214 164
818 326
692 348
149 506
97 126
148 155
528 45
357 802
732 254
157 392
406 297
216 327
605 710
396 420
434 338
368 151
686 408
463 761
433 482
526 450
25 301
70 178
726 532
1 15
16 659
604 101
701 563
315 541
169 36
494 434
72 82
745 809
309 555
430 707
813 13
55 80
341 214
620 64
424 63
770 494
627 491
691 16
334 277
152 157
253 17
68 18
120 119
12 34
107 12
5 38
748 459
221 712
14 40
600 147
12 7
64 63
17 623
538 459
66 46
4 3
132 25
396 4
389 414
255 642
93 103
62 1
218 305
96 378
118 54
687 407
744 113
99 370
608 663
327 683
486 273
107 774
176 422
367 354
315 533
37 592
520 391
3 337
40 696
104 40
188 102
283 384
333 807
9 2
499 562
252 199
786 48
447 407
775 352
101 425
409 247
134 472
669 109
222 106
469 730
106 17
3 380
314 127
245 352
235 92
728 15
568 532
342 284
3 59
625 549
67 234
253 633
50 536
458 804
478 70
9 151
354 799
340 184
266 626
367 532
21 23
51 24
9 18
245 475
13 24
474 380
346 137
81 173
830 217
295 198
560 47
120 398
611 613
327 657
133 349
626 729
49 653
261 270
720 370
97 108
277 194
816 565
213 189
154 56
483 35
393 215
46 150
168 727
344 199
318 70
516 310
387 693
399 227
782 643
264 149
23 115
44 30
54 500
115 709
195 244
68 152
94 53
30 2
116 159
243 394
231 175
811 444
8 511
133 47
173 427
33 170
537 507
314 764
647 33
479 17
174 190
32 20
4 8
290 443
44 655
766 322
32 273
294 220
102 174
8 609
2 17
16 465
640 517
6 291
17 41
92 102
635 514
684 735
227 402
387 793
101 661
401 708
272 792
31 42
47 147
530 14
198 225
22 5
67 56
274 198
741 629
806 189
414 473
206 148
487 318
145 504
72 821
71 61
219 590
64 165
112 77
57 601
139 432
531 557
606 351
248 129
2 1
114 171
451 16
32 35
100 18
4 13
456 722
419 390
300 172
133 185
333 784
7 353
556 66
39 254
75 772
428 122
279 303
285 463
144 542
50 29
205 364
803 294
698 259
246 38
56 207
116 282
70 14
10 19
204 266
176 131
414 672
404 18
22 290
13 740
562 768
289 547
90 751
55 97
643 113
3 5
814 33
415 570
52 413
272 247
617 436
51 499
49 34
279 262
704 313
245 311
549 312
362 471
75 258
510 131
227 484
14 48
226 71
257 180
565 312
796 245
90 44
9 602
612 292
668 32
355 502
191 91
597 322
436 48
41 76
736 505
824 262
256 561
119 75
282 362
138 366
101 57
204 215
5 26
147 221
209 410
452 724
746 503
106 211
755 494
106 218
559 181
554 306
123 12
